Q7_1 [0.49218988, -0.1803535, -0.19216898, 0.18352745, 0.26020285, -0.07975955, -0.19702776, 0.14125113, 0.14684649, 0.02889158, 0.25045463, 0.028375005, -0.50201565, -0.38337392, 0.19990617, -0.27969468, 0.053810455, -0.15307987, -0.1039638, 0.09083727, -0.30617523, -0.24606296, 0.041207675, 0.06028187, -0.101974346, 0.13843678, 0.13813744, 0.12346439, 0.095682696, -0.08811276, -0.08485029, 0.006295377, 0.32892922, -0.06979009, 0.07041148, -0.24118349, 0.18796235, 0.07584135, 0.076531984, 0.36925116]
Q6_1 [0.4887392, -0.18694276, -0.19999932, 0.1837929, 0.28257865, -0.07974068, -0.2064366, 0.16954125, 0.1544934, 0.057581633, 0.2546386, 0.060406506, -0.54872614, -0.41918722, 0.17900991, -0.32099262, 0.054017093, -0.16498095, -0.07039177, 0.087780006, -0.30099323, -0.23137146, 0.047523815, 0.07814557, -0.09461042, 0.14536259, 0.16701026, 0.15186678, 0.10229285, -0.05188595, -0.07388528, 0.026840756, 0.3348881, -0.08459731, 0.094490744, -0.28650936, 0.1745399, 0.06900749, 0.07512539, 0.40399837]
Q3_3 [0.4613918, -0.19556043, -0.18581058, 0.17008446, 0.27522704, -0.07116628, -0.19446728, 0.15702818, 0.16719376, 0.06215248, 0.25046682, 0.06452124, -0.5137309, -0.39866823, 0.18395804, -0.29423958, 0.06408248, -0.15754233, -0.06321054, 0.09536445, -0.27426222, -0.21309362, 0.036819033, 0.06671984, -0.0930619, 0.104268506, 0.16804926, 0.13760076, 0.1131083, -0.058595624, -0.056558985, 0.030673977, 0.3225114, -0.06464089, 0.09586469, -0.2811858, 0.1610819, 0.08626223, 0.083518796, 0.37871718]
Q3_1 [0.4707266, -0.17881535, -0.20457906, 0.18526818, 0.27476442, -0.05549884, -0.1902143, 0.16695598, 0.16055854, 0.05624382, 0.26790532, 0.05343612, -0.5189222, -0.41535637, 0.19575207, -0.31535313, 0.04354039, -0.16675186, -0.065458305, 0.081606634, -0.30335885, -0.20862725, 0.036682095, 0.05190205, -0.08501748, 0.13844001, 0.1760009, 0.14344342, 0.12043424, -0.050512806, -0.08420155, 0.00185122, 0.3287123, -0.0721773, 0.09845713, -0.28588194, 0.18018535, 0.079911284, 0.08341581, 0.40101504]
Q3_4 [0.5043736, -0.19259067, -0.17856379, 0.19599962, 0.256492, -0.06953392, -0.19524015, 0.15636903, 0.17545287, 0.03894338, 0.2628871, 0.03712682, -0.5372809, -0.40143362, 0.18652335, -0.30843845, 0.040899895, -0.14689068, -0.08326467, 0.10524327, -0.27755582, -0.24022524, 0.030346857, 0.08230785, -0.09152494, 0.11305066, 0.15646102, 0.12295946, 0.097081676, -0.06555664, -0.06551024, 0.039848432, 0.3483611, -0.062423456, 0.0794705, -0.24927373, 0.17959556, 0.079059295, 0.08194227, 0.38176605]
Q3_2 [0.51556164, -0.2107905, -0.21061747, 0.18370576, 0.28870827, -0.08501791, -0.22074087, 0.1375004, 0.17742853, 0.057284504, 0.2531015, 0.06844465, -0.52946603, -0.42661893, 0.18638705, -0.32793233, 0.055919986, -0.17143202, -0.07193409, 0.09934598, -0.3156841, -0.21616994, 0.06332974, 0.061836135, -0.09938281, 0.15398821, 0.16697805, 0.15637887, 0.13000357, -0.055326287, -0.07280693, 0.0072514336, 0.3564679, -0.076829426, 0.087314054, -0.2942889, 0.17040695, 0.09858953, 0.07200468, 0.41196287]
Q2_2 [0.53506577, -0.200281, -0.19700924, 0.19689114, 0.28398505, -0.08173404, -0.20885447, 0.16001192, 0.19104771, 0.038262375, 0.27877247, 0.046177212, -0.5464764, -0.44138414, 0.1929418, -0.33939153, 0.059511226, -0.17669497, -0.09530248, 0.11436568, -0.3118366, -0.23880246, 0.053467687, 0.061915167, -0.09081662, 0.1412936, 0.17028403, 0.14390415, 0.124653675, -0.06520082, -0.06289695, 0.028563477, 0.3557966, -0.08067437, 0.080392316, -0.2753486, 0.18912321, 0.0855752, 0.090118825, 0.42091]
Q8_2 [0.51202065, -0.17684129, -0.21000919, 0.1854162, 0.28061762, -0.05729182, -0.19916542, 0.13686241, 0.16209063, 0.04810183, 0.2730763, 0.050024487, -0.51834965, -0.40414006, 0.19218203, -0.3080095, 0.06286563, -0.15812807, -0.076654285, 0.09949425, -0.3067314, -0.23971455, 0.04615375, 0.06396645, -0.1092682, 0.14196487, 0.17760009, 0.13255814, 0.10895158, -0.06507052, -0.08508697, 0.020073658, 0.34548333, -0.079587124, 0.08448698, -0.27886227, 0.1875829, 0.080337696, 0.082283944, 0.40035868]
Q5_3 [0.45977348, -0.18036063, -0.20195359, 0.18414964, 0.24718869, -0.07881499, -0.20157744, 0.13445115, 0.15300435, 0.03839476, 0.24394053, 0.061735675, -0.47526562, -0.38061807, 0.1672886, -0.28773338, 0.040258426, -0.13912812, -0.08214238, 0.09464972, -0.28439885, -0.20925081, 0.03578629, 0.06947885, -0.101822376, 0.13199306, 0.15240955, 0.13302615, 0.11237709, -0.07356996, -0.062766425, 0.021826953, 0.3148659, -0.07884876, 0.06581645, -0.26092583, 0.17167674, 0.08201398, 0.057197805, 0.37389278]
Q8_1 [0.5518694, -0.22243145, -0.22902538, 0.18287157, 0.31448308, -0.068342075, -0.23258884, 0.1553186, 0.1878639, 0.06646181, 0.28364912, 0.05018816, -0.5725173, -0.43048537, 0.20383981, -0.32972744, 0.06692928, -0.18814588, -0.07840436, 0.11129721, -0.3073422, -0.24047303, 0.058597293, 0.082533136, -0.11808964, 0.13700382, 0.16743143, 0.14017336, 0.12560594, -0.06390353, -0.084813826, 0.029612208, 0.3709581, -0.08043688, 0.093165465, -0.29943326, 0.1953386, 0.083949566, 0.096377656, 0.40882766]
Q17_2 [0.52298015, -0.18166678, -0.21150796, 0.18883882, 0.29696766, -0.08374551, -0.21614656, 0.14109269, 0.15487781, 0.048385557, 0.2773641, 0.054269478, -0.5212835, -0.42438063, 0.18553062, -0.31428763, 0.062637396, -0.15408713, -0.072175354, 0.08786393, -0.32531002, -0.24251306, 0.0599478, 0.07949675, -0.12070359, 0.14159153, 0.15460181, 0.1246066, 0.124077715, -0.08454346, -0.082601264, 0.010778194, 0.3495517, -0.06037578, 0.086629026, -0.27612075, 0.17984557, 0.07235095, 0.08727526, 0.41304627]
Q3_5 [0.47664186, -0.1772481, -0.1982032, 0.19555542, 0.2762612, -0.06923339, -0.18582708, 0.15008844, 0.1668404, 0.05865058, 0.25898343, 0.054030724, -0.51422733, -0.40572965, 0.18075863, -0.2945015, 0.05811745, -0.15159461, -0.07887932, 0.097927734, -0.27890727, -0.23307231, 0.04080173, 0.059044763, -0.10388911, 0.132129, 0.16558254, 0.13876367, 0.10328901, -0.06486019, -0.062074546, 0.0016482368, 0.33563557, -0.06504432, 0.09030232, -0.26072633, 0.18542078, 0.07497632, 0.08694957, 0.38947082]
Q4_3 [0.4830949, -0.2023108, -0.18115054, 0.18097241, 0.2662189, -0.075939626, -0.2006978, 0.15794492, 0.17508495, 0.041145604, 0.24215892, 0.04506051, -0.518491, -0.3913251, 0.18190767, -0.29994875, 0.052522205, -0.1671449, -0.09473413, 0.103754096, -0.2941341, -0.23132156, 0.045930132, 0.05375209, -0.104386784, 0.12854312, 0.14745504, 0.14126578, 0.107339814, -0.050658166, -0.070673265, 0.024157977, 0.33412, -0.07790859, 0.08810187, -0.25040194, 0.17532481, 0.07769912, 0.064150915, 0.38733724]
Q17_4 [0.5388705, -0.2177234, -0.21100923, 0.19268385, 0.30984077, -0.07277376, -0.20962669, 0.17140274, 0.16227886, 0.0520225, 0.2871273, 0.0664774, -0.55040807, -0.4492504, 0.21294141, -0.33865976, 0.059301738, -0.1864436, -0.07454684, 0.1168971, -0.30091605, -0.25115368, 0.052771773, 0.08857424, -0.11256988, 0.14480934, 0.17187369, 0.14786798, 0.12910852, -0.0586246, -0.07324752, 0.014816995, 0.3521899, -0.074281976, 0.08668476, -0.2935576, 0.20242517, 0.08511301, 0.09871038, 0.40162954]
Q5_2 [0.5288806, -0.19704725, -0.21231918, 0.20068063, 0.30078155, -0.065168805, -0.21828249, 0.15516664, 0.17229047, 0.062851354, 0.26950207, 0.07464303, -0.54363704, -0.4081953, 0.19455388, -0.33407626, 0.052959733, -0.17203207, -0.083102725, 0.114326164, -0.29709867, -0.21803047, 0.04304182, 0.072472736, -0.11241512, 0.14332725, 0.15597406, 0.13849248, 0.11097605, -0.07473303, -0.0753469, 0.029819177, 0.36494377, -0.06519795, 0.074494585, -0.27537492, 0.17003588, 0.09272568, 0.073096186, 0.41145188]
Q4_4 [0.5690428, -0.2249742, -0.21884902, 0.19084343, 0.3196471, -0.079655826, -0.23967941, 0.15901496, 0.18664388, 0.064540245, 0.29991773, 0.056294065, -0.5735787, -0.44571686, 0.21597053, -0.3472832, 0.07249287, -0.18322697, -0.09621578, 0.124924995, -0.32094756, -0.25055346, 0.06907854, 0.06167719, -0.11069842, 0.15684721, 0.18864372, 0.147562, 0.1354536, -0.08343723, -0.0720972, 0.0019955987, 0.38554633, -0.062382694, 0.08844856, -0.3071337, 0.18895106, 0.092613004, 0.07476721, 0.45376098]
Q1_5 [0.44387326, -0.17202257, -0.19021551, 0.18324296, 0.2411298, -0.078922585, -0.19557717, 0.15168372, 0.15387787, 0.03779569, 0.25163177, 0.055237327, -0.49449748, -0.38525057, 0.16920201, -0.288806, 0.04652967, -0.13962287, -0.06634155, 0.087532036, -0.2823378, -0.22052006, 0.026609983, 0.061741963, -0.08202852, 0.108367495, 0.14231142, 0.12904221, 0.1007921, -0.058594488, -0.072919026, 0.009046547, 0.29981235, -0.06171358, 0.068281, -0.26842263, 0.18730117, 0.07443299, 0.0735818, 0.34752333]
Q2_4 [0.5522634, -0.20847303, -0.23167756, 0.2191247, 0.31689394, -0.07304715, -0.21808925, 0.18586904, 0.19203918, 0.06073098, 0.29413095, 0.04806326, -0.59434754, -0.46840313, 0.2020853, -0.33615944, 0.06147844, -0.17274956, -0.11183906, 0.098001905, -0.33264217, -0.27654985, 0.04587438, 0.07228632, -0.123045556, 0.151712, 0.18902367, 0.13535944, 0.120079905, -0.070750006, -0.08179813, 0.018358516, 0.38414937, -0.08701949, 0.10786228, -0.29416186, 0.19487761, 0.09059146, 0.07570968, 0.45198017]
Q3_7 [0.58572334, -0.21442124, -0.23992752, 0.22367094, 0.33912092, -0.09705231, -0.2391769, 0.18718864, 0.18938817, 0.059283476, 0.3219405, 0.057287954, -0.6081494, -0.477623, 0.2239728, -0.37430668, 0.053194117, -0.19064325, -0.09095908, 0.1034761, -0.36606148, -0.2776331, 0.056435257, 0.0580888, -0.12707107, 0.16820507, 0.19051132, 0.15740919, 0.13238285, -0.08521927, -0.08963282, 0.0037323998, 0.40485168, -0.06854629, 0.093686, -0.32510996, 0.21236601, 0.10963035, 0.08306813, 0.4726165]
Q2_3 [0.5151164, -0.20641938, -0.1891066, 0.18022864, 0.28063607, -0.083472945, -0.20512566, 0.16735421, 0.1751002, 0.03739046, 0.27414393, 0.063290425, -0.52233547, -0.4143092, 0.1974133, -0.3036458, 0.05447163, -0.1731047, -0.074485995, 0.09408685, -0.30714855, -0.24237783, 0.041087817, 0.05604829, -0.112360604, 0.12856966, 0.17296357, 0.13176149, 0.12517951, -0.069991626, -0.07253956, 0.01066042, 0.33829334, -0.06333612, 0.09992822, -0.28577313, 0.1818901, 0.077811696, 0.066953085, 0.40530336]
Q2_1 [0.55582637, -0.21527278, -0.21540853, 0.20148525, 0.29260632, -0.082470894, -0.21651287, 0.1866886, 0.19107702, 0.06632274, 0.28499156, 0.06754297, -0.5675514, -0.4445855, 0.2041706, -0.32560062, 0.068047434, -0.1653876, -0.09771156, 0.089866206, -0.3272147, -0.24212505, 0.0638781, 0.055250082, -0.11737727, 0.13400434, 0.18973449, 0.15148608, 0.1173957, -0.0659367, -0.06912054, 0.00855874, 0.38164216, -0.076670974, 0.10869868, -0.29798433, 0.18694974, 0.1023684, 0.0763935, 0.44245863]
Q6_2 [0.6111039, -0.24898824, -0.22320578, 0.2131533, 0.3352827, -0.078199305, -0.25921658, 0.19032562, 0.19601375, 0.071679495, 0.32576, 0.07161997, -0.64692026, -0.49494588, 0.22714761, -0.3853667, 0.07743734, -0.2082749, -0.107327424, 0.12045836, -0.35146937, -0.2762494, 0.049702466, 0.0635968, -0.116819665, 0.1511593, 0.20758091, 0.16041198, 0.1385738, -0.07663754, -0.07318127, 0.015037255, 0.40414584, -0.088862784, 0.10216673, -0.33650044, 0.20819832, 0.100186445, 0.105441615, 0.46924198]
Q3_6 [0.6200428, -0.22751857, -0.2552887, 0.21046261, 0.3255111, -0.07096417, -0.25433537, 0.18408145, 0.21415314, 0.051739953, 0.32540476, 0.06927564, -0.59239095, -0.49617457, 0.22822015, -0.3693539, 0.06348875, -0.1810007, -0.11545528, 0.118059374, -0.37217346, -0.25804818, 0.07462359, 0.0575226, -0.14041544, 0.14625016, 0.19212434, 0.1607405, 0.13252084, -0.08197317, -0.09385939, -0.004821473, 0.39116603, -0.08599219, 0.09574262, -0.3242846, 0.20492996, 0.106955215, 0.084435366, 0.459536]
Q1_2 [0.58395964, -0.22419152, -0.23640843, 0.2069766, 0.33350268, -0.07734162, -0.23798098, 0.17267373, 0.17719328, 0.052802753, 0.2993136, 0.055421673, -0.61189467, -0.48703048, 0.22776991, -0.36959514, 0.06081436, -0.18471794, -0.10648452, 0.11425141, -0.3334976, -0.2681367, 0.053026497, 0.07949627, -0.12424674, 0.15086286, 0.19236732, 0.13964558, 0.12857112, -0.06212965, -0.095978424, 0.018333327, 0.37740976, -0.07662789, 0.10022138, -0.33193496, 0.22100134, 0.10396507, 0.083274424, 0.43451494]
Q2_5 [0.58236665, -0.2306583, -0.23676056, 0.22160357, 0.3266672, -0.07477289, -0.22544232, 0.18368496, 0.19892484, 0.04501929, 0.3153696, 0.05453532, -0.58831114, -0.4661578, 0.20867492, -0.34126776, 0.05093316, -0.19632012, -0.08775096, 0.12095949, -0.33936408, -0.25673902, 0.04136119, 0.082220756, -0.12470772, 0.14214918, 0.17170033, 0.15291019, 0.12443329, -0.08398994, -0.09566604, 0.014021129, 0.38180685, -0.08233951, 0.083219305, -0.30687898, 0.21329618, 0.1058957, 0.10842667, 0.4417919]
Q3_10 [0.6366705, -0.24387415, -0.26478064, 0.22456239, 0.34811327, -0.089790836, -0.25213113, 0.20318381, 0.2137955, 0.047214318, 0.34516805, 0.061967075, -0.6533868, -0.50532764, 0.24335012, -0.38152054, 0.07474381, -0.21138805, -0.10566892, 0.10888666, -0.38391194, -0.2970642, 0.0672622, 0.073689215, -0.14055754, 0.16144073, 0.20750992, 0.1484943, 0.1345757, -0.095378436, -0.096268415, 0.0016326493, 0.432415, -0.08669436, 0.10755003, -0.34374997, 0.22773296, 0.103579976, 0.09468084, 0.49366957]
Q3_9 [0.6153413, -0.23373917, -0.2570436, 0.2119149, 0.32804292, -0.0965642, -0.2554781, 0.18776543, 0.18535753, 0.06870838, 0.32785338, 0.056304127, -0.60844845, -0.49940655, 0.22596708, -0.3626655, 0.058430232, -0.19626094, -0.11592672, 0.10096669, -0.36768326, -0.27647847, 0.04870236, 0.075053915, -0.13530673, 0.17313145, 0.19181988, 0.14593627, 0.13681284, -0.09936591, -0.0861784, 0.0068638967, 0.4090583, -0.07973246, 0.10906647, -0.31911594, 0.22832516, 0.10356973, 0.10182292, 0.48008463]
Q3_8 [0.56463844, -0.21326056, -0.21269672, 0.19743098, 0.30194673, -0.07355242, -0.22593276, 0.1833095, 0.19269659, 0.057775874, 0.3004922, 0.047442272, -0.5523131, -0.44868478, 0.20653784, -0.3311543, 0.05748342, -0.16479088, -0.09408838, 0.10249824, -0.32310835, -0.25033993, 0.065667674, 0.06521865, -0.11380519, 0.1291686, 0.16851391, 0.15079762, 0.119282365, -0.08378662, -0.08709292, 0.010245249, 0.37828502, -0.060852457, 0.10175289, -0.29592645, 0.20484318, 0.09584097, 0.076058425, 0.4276804]
Q17_1 [0.5902687, -0.23041525, -0.23261054, 0.20678157, 0.33076307, -0.0778935, -0.24557398, 0.18596457, 0.19354303, 0.053543467, 0.32591853, 0.058392026, -0.60788965, -0.49136528, 0.23186626, -0.36133495, 0.07897448, -0.18325809, -0.10523937, 0.121362105, -0.36143073, -0.27061313, 0.055895872, 0.062009364, -0.1232961, 0.15674518, 0.19805363, 0.14825855, 0.11900459, -0.090825975, -0.09735209, 0.029082317, 0.4100813, -0.07684829, 0.10249033, -0.31538206, 0.20689593, 0.08856801, 0.092495255, 0.4676347]
Q17_3 [0.5536058, -0.20854811, -0.21925348, 0.20361103, 0.29894438, -0.06310881, -0.2259926, 0.17193115, 0.18053766, 0.042797726, 0.30482015, 0.04098024, -0.55689925, -0.44398832, 0.19905263, -0.32419926, 0.059708007, -0.16045034, -0.1054378, 0.10996061, -0.33786714, -0.24286915, 0.065762416, 0.060952347, -0.1223271, 0.13827182, 0.18641907, 0.13132128, 0.12941827, -0.06680031, -0.07334829, 0.008538413, 0.35677445, -0.060964845, 0.09318311, -0.28822276, 0.20949909, 0.10183457, 0.070231155, 0.4282158]
Q1_1 [0.524212, -0.20386471, -0.22533134, 0.20164423, 0.27871996, -0.06363313, -0.21336237, 0.16362116, 0.16571458, 0.040075503, 0.27015418, 0.036056507, -0.5465728, -0.42097637, 0.1989751, -0.32158998, 0.06058024, -0.14955862, -0.079431966, 0.09341216, -0.3094464, -0.23323825, 0.044663973, 0.060688514, -0.12019107, 0.13166648, 0.16666298, 0.14722674, 0.1170786, -0.060628068, -0.08045997, 0.0024724691, 0.3564274, -0.05811442, 0.09202724, -0.28838933, 0.20066558, 0.07741473, 0.087191135, 0.3986875]
Q1_3 [0.50012726, -0.1968252, -0.21679883, 0.19575381, 0.28922358, -0.0693582, -0.20150092, 0.16208231, 0.16414815, 0.054672893, 0.26925966, 0.03969941, -0.52178615, -0.42241827, 0.18924901, -0.31585503, 0.04296016, -0.16985378, -0.09205, 0.08528187, -0.3029667, -0.22217877, 0.059901197, 0.05964115, -0.09146374, 0.13495469, 0.17307799, 0.13981898, 0.10798816, -0.065242894, -0.06980327, -0.0033730953, 0.34446478, -0.06984479, 0.087321945, -0.2762564, 0.19240047, 0.07425047, 0.08156358, 0.4022229]
Q4_2 [0.49621925, -0.20100833, -0.21685618, 0.20519295, 0.2949923, -0.06123345, -0.19068852, 0.15583146, 0.16418138, 0.040161338, 0.27672896, 0.039075326, -0.54691154, -0.417548, 0.19924976, -0.3081823, 0.06434266, -0.1604563, -0.09182001, 0.11049422, -0.295235, -0.22999084, 0.05967975, 0.06049604, -0.09884943, 0.15509592, 0.17061941, 0.15104352, 0.12821108, -0.054461755, -0.06749698, 0.024990262, 0.34411776, -0.07169555, 0.103678055, -0.27159977, 0.16069885, 0.09217092, 0.059733406, 0.41961774]
Q7_2 [0.62078005, -0.2225787, -0.24876648, 0.2281331, 0.355401, -0.08891824, -0.25164297, 0.19749025, 0.19033687, 0.07024388, 0.32881624, 0.07405294, -0.63358325, -0.51321, 0.24071278, -0.3789755, 0.07248886, -0.18557534, -0.09240472, 0.1256279, -0.3551385, -0.28765178, 0.047183853, 0.0635551, -0.11642192, 0.15876997, 0.20053528, 0.1577041, 0.13485526, -0.09235538, -0.088767834, 0.029865574, 0.4285374, -0.09643233, 0.112211965, -0.32880914, 0.21688977, 0.096790224, 0.10414067, 0.4755924]
Q1_4 [0.53211284, -0.21107945, -0.22200479, 0.18439333, 0.29499528, -0.07691004, -0.22814658, 0.17898881, 0.16862923, 0.04980693, 0.26760286, 0.048145775, -0.5585791, -0.4411817, 0.2002798, -0.333711, 0.06180585, -0.15713733, -0.09130765, 0.0957616, -0.31311402, -0.231836, 0.039717335, 0.07643484, -0.09950829, 0.12547472, 0.17945057, 0.13945638, 0.116455235, -0.08369161, -0.08019066, 0.0055943746, 0.3655155, -0.059021924, 0.08867504, -0.29793012, 0.2034341, 0.10132967, 0.09882065, 0.40015697]
Q3_11 [0.53657633, -0.19781734, -0.23303987, 0.21382815, 0.29509085, -0.069251865, -0.21367514, 0.17493051, 0.17566234, 0.0590124, 0.301552, 0.057836726, -0.5535526, -0.4530824, 0.19597769, -0.3361687, 0.065123685, -0.15539707, -0.105573595, 0.11291194, -0.32586, -0.25241342, 0.048984766, 0.048924122, -0.1266614, 0.15928921, 0.17451742, 0.15270099, 0.12296853, -0.07864266, -0.06481305, -0.0056196107, 0.36312184, -0.07332247, 0.09423957, -0.30539477, 0.19796734, 0.100579925, 0.07803604, 0.43061766]
Q5_4 [0.577303, -0.21545687, -0.24902801, 0.20557927, 0.31714144, -0.08618807, -0.22930707, 0.19161135, 0.19542897, 0.04415921, 0.3136844, 0.070600085, -0.6158611, -0.4695028, 0.2143198, -0.37149101, 0.06770438, -0.17906168, -0.09505508, 0.12076349, -0.3530643, -0.2795585, 0.052873213, 0.059753757, -0.13713025, 0.16358282, 0.18507183, 0.15189002, 0.12504707, -0.075586446, -0.08660137, 0.021814458, 0.4079675, -0.07549782, 0.10070453, -0.30646652, 0.19790277, 0.09190915, 0.10282533, 0.47492963]
Q5_1 [0.47548223, -0.17969592, -0.20416531, 0.17761056, 0.26145205, -0.06642336, -0.18691099, 0.15838331, 0.15834509, 0.04309117, 0.26590064, 0.056672156, -0.5020086, -0.39222226, 0.18005987, -0.29792854, 0.05249274, -0.16822988, -0.078715675, 0.10351247, -0.2887029, -0.22434185, 0.059745498, 0.06598695, -0.11214635, 0.12113966, 0.16829644, 0.13335152, 0.09740106, -0.06336182, -0.07132697, 0.00664231, 0.33542314, -0.06699585, 0.077960975, -0.25427657, 0.17472734, 0.07815951, 0.08493222, 0.39668697]
Q4_1 [0.36642715, -0.13358298, -0.13639332, 0.14125855, 0.21293649, -0.059136868, -0.13648103, 0.110817656, 0.13334176, 0.044047147, 0.1830406, 0.025388625, -0.37142852, -0.30419683, 0.13662098, -0.22583513, 0.042734392, -0.12842563, -0.06602054, 0.07559167, -0.21839356, -0.1616276, 0.04658901, 0.041357655, -0.08205671, 0.08693715, 0.1191877, 0.091452576, 0.09035231, -0.05309978, -0.05824322, 0.011265749, 0.2551226, -0.04250881, 0.07595211, -0.18875057, 0.1303609, 0.06490003, 0.052817844, 0.29033715]
Q3_12 [0.30609494, -0.11668129, -0.1139802, 0.12148558, 0.17118534, -0.04529947, -0.13041183, 0.10281168, 0.095230564, 0.029418327, 0.1465894, 0.033376247, -0.31168056, -0.24397728, 0.12091715, -0.184431, 0.03636203, -0.08781911, -0.054077335, 0.05651542, -0.17542244, -0.12933965, 0.02357695, 0.027750473, -0.07033185, 0.08110702, 0.0929461, 0.08857559, 0.071123414, -0.043845166, -0.0499623, 0.0041331723, 0.21427582, -0.04763198, 0.05714518, -0.15626724, 0.09637854, 0.041210752, 0.058581125, 0.22195226]
