Q7_1 [0.23891127, -0.4259502, 0.25885892, 0.14810424, -0.01878346, 0.35362, 0.12170253, 0.3474304, -0.19083616, 0.28805086, -0.19017272, 0.25283247, 0.26997402, 0.08780022, 0.0064267763, -0.2468799, -0.0130816735, 0.1361028, 0.20734595, 0.21201935, -0.38276774, 0.29032904, 0.1954868, 0.047898505, 0.026950814, 0.13869868, 0.2437666, -0.009932842, -0.028056504, -0.3115801, -0.041969515, -0.078148186, -0.16602157, 0.25940907, 0.010515886, -0.057855763, -0.1931886, -0.17351195, -0.24246703, -0.4749744]
Q6_1 [0.24278986, -0.45631835, 0.26265982, 0.1929674, -0.01251796, 0.39094582, 0.12992601, 0.3362637, -0.20049578, 0.27752122, -0.20588788, 0.23579347, 0.26433423, 0.08293063, 0.029032981, -0.22737896, -0.0471769, 0.121466085, 0.23006384, 0.20040597, -0.3717237, 0.34181637, 0.19153784, 0.06885454, 0.026874125, 0.15824176, 0.25856975, -0.01655184, -0.0064338115, -0.3009055, -0.06433552, -0.080046386, -0.13092545, 0.2371056, -0.00084953924, -0.09215235, -0.1414641, -0.20962091, -0.2321615, -0.49663222]
Q3_3 [0.29136246, -0.47028545, 0.23130575, 0.1771667, -0.061625533, 0.3435234, 0.12224825, 0.3024011, -0.16714917, 0.26557115, -0.23937772, 0.29394785, 0.2653068, 0.09856378, 0.03834849, -0.23976895, -0.007503475, 0.10730157, 0.18512426, 0.19637547, -0.39155963, 0.24651055, 0.19539079, 0.0044724033, 0.0060710963, 0.13188955, 0.22031552, 4.9728787e-06, -0.039459985, -0.28230643, -0.03329488, -0.07599983, -0.21766298, 0.3029012, 0.030960107, -0.019848006, -0.19019398, -0.13565272, -0.21431623, -0.4394315]
Q3_1 [0.30073336, -0.5297244, 0.24571785, 0.19591549, -0.07321763, 0.34154886, 0.1116356, 0.31120118, -0.13504665, 0.27876356, -0.2468982, 0.34883758, 0.2851093, 0.11107517, 0.03751472, -0.2489657, -0.01770037, 0.10744204, 0.20960246, 0.20518278, -0.42883548, 0.250595, 0.21360627, 0.013013282, 0.0022553972, 0.12593739, 0.23182636, 0.010050602, -0.053555112, -0.29348356, -0.04488162, -0.061824545, -0.24432944, 0.3177258, 0.04207899, 0.02355639, -0.2152415, -0.15500364, -0.24099864, -0.46094102]
Q3_4 [0.27147478, -0.48514572, 0.22422685, 0.17315668, -0.035807032, 0.31129572, 0.09280977, 0.29318455, -0.121340536, 0.26019326, -0.20562117, 0.30059612, 0.25589436, 0.08565317, 0.00027625373, -0.22346878, 0.005558349, 0.09820149, 0.18177517, 0.19138701, -0.37787506, 0.22009537, 0.19772434, 0.0027941728, 0.02004069, 0.124601744, 0.23006015, -0.008380708, -0.052216355, -0.2755304, -0.045108397, -0.06410453, -0.20489757, 0.30063903, 0.04696157, 0.030332413, -0.19434564, -0.123354405, -0.22384772, -0.41246715]
Q3_2 [0.30733055, -0.51977926, 0.23450816, 0.16276851, -0.036568914, 0.33334342, 0.089466035, 0.2843071, -0.15306032, 0.25598717, -0.23744069, 0.3371792, 0.27231205, 0.11509714, 0.035983652, -0.22357696, 0.0045411056, 0.08333568, 0.18780321, 0.18419959, -0.41448826, 0.23095627, 0.17388205, -0.008716092, -0.016256705, 0.12855698, 0.21683875, 0.0035579165, -0.059454173, -0.25475806, -0.0114423875, -0.0746809, -0.24345233, 0.3218181, 0.025709527, 0.010337575, -0.18629406, -0.13319959, -0.23260227, -0.448616]
Q2_2 [0.30734122, -0.5422444, 0.23663361, 0.18173127, -0.050832257, 0.3499876, 0.108329654, 0.32197112, -0.12952216, 0.27559748, -0.25674903, 0.3560658, 0.29701155, 0.12777966, 0.03522766, -0.26084214, -0.0074352655, 0.10605077, 0.20391043, 0.18934996, -0.44079638, 0.275755, 0.20143604, 0.011309573, 0.011589315, 0.1431059, 0.2564216, 0.011215431, -0.067495, -0.3140891, -0.041677453, -0.06699749, -0.26007807, 0.32497922, 0.022085244, 0.012857485, -0.20440638, -0.122137174, -0.24826053, -0.47330803]
Q8_2 [0.21590087, -0.45319432, 0.28371075, 0.18211693, 0.0019763114, 0.37837228, 0.09978271, 0.30028212, -0.17460869, 0.2729175, -0.17374752, 0.25858182, 0.21734868, 0.070992865, 0.03286987, -0.20276122, -0.037948243, 0.14098313, 0.23447089, 0.1829176, -0.3586912, 0.3411916, 0.17744552, 0.0657635, 0.014399448, 0.15719807, 0.2424763, -0.0014137448, -0.0031009014, -0.29622367, -0.050543267, -0.10267541, -0.12752068, 0.21999605, 0.002423227, -0.062464885, -0.16155054, -0.19403023, -0.23433754, -0.4750366]
Q5_3 [0.21442924, -0.40233448, 0.23387177, 0.16421697, -0.008689016, 0.35291702, 0.12262701, 0.3151207, -0.18475461, 0.25433365, -0.20161474, 0.25588855, 0.23141587, 0.086651444, 0.0056544724, -0.23224315, -0.010308168, 0.10895112, 0.20402095, 0.1698442, -0.32990488, 0.29741102, 0.17656076, 0.044808537, 0.018427106, 0.12881464, 0.24530803, 0.00093784014, -0.028797794, -0.29650438, -0.050112437, -0.07405361, -0.14236721, 0.24238238, -0.0032307003, -0.066215724, -0.1787597, -0.17005023, -0.22196063, -0.44492906]
Q8_1 [0.22675921, -0.44135532, 0.26217353, 0.1657599, -0.00781299, 0.36148286, 0.097636715, 0.31901708, -0.16518089, 0.2706985, -0.19285637, 0.2717648, 0.22923635, 0.0787106, 0.030819189, -0.2015282, -0.02410803, 0.12997669, 0.21655792, 0.20062096, -0.36603966, 0.30651218, 0.1785435, 0.04079534, 0.015241508, 0.15196016, 0.22864945, 0.012898619, -0.016915228, -0.28846222, -0.04013118, -0.09682555, -0.1619578, 0.2377548, 0.007713365, -0.0447093, -0.17644468, -0.18949024, -0.22211105, -0.45380366]
Q17_2 [0.2311517, -0.44211623, 0.27000573, 0.15734552, -0.0023543006, 0.36222827, 0.10501621, 0.34834385, -0.16447371, 0.27390897, -0.20288055, 0.25837743, 0.2454426, 0.07316231, 0.018666798, -0.22220463, -0.021057902, 0.11832981, 0.21033053, 0.21207576, -0.3569434, 0.3191787, 0.18854807, 0.047085084, 0.0356724, 0.150253, 0.2659429, 0.0022903911, -0.033167843, -0.3068405, -0.05881038, -0.083588086, -0.14222676, 0.25568932, -0.013044636, -0.08127557, -0.18149737, -0.19870166, -0.23766294, -0.47420883]
Q3_5 [0.26460275, -0.47939512, 0.23615457, 0.16355705, -0.04269433, 0.33379135, 0.10232897, 0.2639443, -0.12658295, 0.25025228, -0.21894811, 0.31258017, 0.25106677, 0.10604557, 0.010418577, -0.20551105, -0.011418834, 0.08555015, 0.19066504, 0.19073173, -0.36477545, 0.21570712, 0.19074284, -0.009066346, -0.008854061, 0.13541146, 0.23440073, -0.0043376745, -0.063854486, -0.2604739, -0.026703056, -0.07774768, -0.22021613, 0.3000614, 0.03709868, 0.0281409, -0.17601007, -0.11299594, -0.2022799, -0.4194943]
Q4_3 [0.24934386, -0.4008863, 0.21674216, 0.13632345, -0.048676223, 0.3167252, 0.10886317, 0.29788917, -0.1454342, 0.2492618, -0.19639459, 0.2645614, 0.24229497, 0.08376837, 0.0057500154, -0.20672217, -0.009912778, 0.11055977, 0.17148061, 0.18420321, -0.34854448, 0.2471655, 0.1789744, 0.033627667, 0.01122944, 0.107770815, 0.21482898, 0.003925537, -0.026156424, -0.24688828, -0.049775384, -0.049646597, -0.1582442, 0.26158276, 0.0026155128, -0.04250384, -0.15388033, -0.16242129, -0.20501196, -0.3862541]
Q17_4 [0.2215989, -0.4173061, 0.25564626, 0.15092348, -0.0052066576, 0.3316312, 0.093851715, 0.3311083, -0.15338783, 0.27092874, -0.1849629, 0.24374925, 0.24526012, 0.07683555, 0.005346868, -0.22971925, -0.014015991, 0.13015962, 0.19298705, 0.19933237, -0.34860715, 0.30134743, 0.16938274, 0.061982285, 0.039171286, 0.13785423, 0.25202155, 0.009224433, -0.024801629, -0.26983786, -0.0673483, -0.08503804, -0.14991848, 0.25051174, 0.00046623344, -0.05811174, -0.14843221, -0.1650265, -0.22498918, -0.4525674]
Q5_2 [0.22050627, -0.44047987, 0.24952076, 0.16431327, -0.0063851513, 0.33647963, 0.103275016, 0.31972402, -0.16646755, 0.25844973, -0.18931106, 0.26137632, 0.23728001, 0.08760644, 0.021797786, -0.22946909, -0.0017889708, 0.11625494, 0.19149248, 0.1795588, -0.35145614, 0.29801768, 0.19233681, 0.046025362, 0.027163258, 0.14426842, 0.23833549, 0.018663261, -0.042910084, -0.30183893, -0.04693294, -0.084057696, -0.16427836, 0.25642788, -0.0043578907, -0.049810223, -0.18599692, -0.16341455, -0.22080664, -0.4473396]
Q4_4 [0.28479356, -0.48131818, 0.25800285, 0.16929707, -0.04543685, 0.38614044, 0.13358103, 0.34973657, -0.19264355, 0.2658532, -0.2532231, 0.3033415, 0.28777188, 0.094969966, 0.028399881, -0.25304815, -0.03224249, 0.14154123, 0.21266924, 0.23073775, -0.43281814, 0.29752252, 0.20318747, 0.019835727, 0.022403281, 0.15354028, 0.26889905, 0.02566333, -0.036897898, -0.28820506, -0.052307878, -0.07076033, -0.2209676, 0.32671046, 0.022882601, -0.046255235, -0.18848173, -0.18186128, -0.25681135, -0.46804902]
Q1_5 [0.2539334, -0.44060522, 0.19444409, 0.1376644, -0.04730146, 0.26973742, 0.07760386, 0.26021853, -0.13210285, 0.23639794, -0.20680283, 0.28267568, 0.25562, 0.089817666, 0.02249143, -0.2174869, -0.003899095, 0.08164409, 0.16628061, 0.18723819, -0.3746939, 0.18866484, 0.16568819, 0.017464302, 0.0063125333, 0.09220646, 0.1835749, 0.020263104, -0.04071776, -0.23364662, -0.018992217, -0.042465575, -0.20475365, 0.2973023, 0.03879916, 0.012892908, -0.17240366, -0.124096096, -0.19957137, -0.3701662]
Q2_4 [0.2931708, -0.5109122, 0.2367286, 0.17311005, -0.045658078, 0.32676613, 0.10066469, 0.29020262, -0.12385018, 0.28482413, -0.22635512, 0.33044663, 0.26575574, 0.095853485, 0.01073016, -0.24076237, -0.022769654, 0.10426663, 0.19867527, 0.20264252, -0.39788875, 0.25424978, 0.1888486, 0.011063592, 0.014454007, 0.13015246, 0.24219169, -0.006300316, -0.0459956, -0.28786016, -0.037911445, -0.07960365, -0.22257687, 0.32551998, 0.033317473, 0.0077392654, -0.18719018, -0.12892485, -0.23110627, -0.4500319]
Q3_7 [0.29690987, -0.5065226, 0.25588816, 0.18261218, -0.053710837, 0.34810862, 0.12136802, 0.3061217, -0.17854688, 0.2614254, -0.2518546, 0.3095813, 0.26865527, 0.105401054, 0.021058405, -0.24356258, -0.0039977194, 0.10547805, 0.22265382, 0.20332506, -0.42503121, 0.2704731, 0.21355669, 0.0013457217, -0.00047332956, 0.12407974, 0.2575238, -0.00010060409, -0.057003114, -0.28109828, -0.024543134, -0.08216858, -0.22700721, 0.3239859, 0.039931633, 0.00856446, -0.19831596, -0.14474957, -0.23059268, -0.46750215]
Q2_3 [0.2742707, -0.49331528, 0.22986582, 0.15750033, -0.044641644, 0.32949212, 0.102021135, 0.2709208, -0.13035673, 0.24595746, -0.21413583, 0.3285065, 0.25431022, 0.098638654, 0.024528112, -0.2241623, -0.021019543, 0.093909465, 0.17474963, 0.17656116, -0.38952735, 0.22552322, 0.18104948, -0.015760481, 0.000871422, 0.11264067, 0.23095651, 0.01564309, -0.062575236, -0.26292497, -0.016989483, -0.059283387, -0.23484448, 0.30214942, 0.03175273, 0.020793673, -0.18457417, -0.1179354, -0.21039543, -0.4235736]
Q2_1 [0.2990516, -0.53774977, 0.25359964, 0.1906811, -0.06366475, 0.35404977, 0.12517531, 0.30224636, -0.14974603, 0.27139214, -0.25117582, 0.35081503, 0.28693715, 0.09964083, 0.038988963, -0.24600618, -0.02592356, 0.10852637, 0.21661334, 0.2153938, -0.41739732, 0.27438384, 0.20644124, 0.0035715722, 0.017373487, 0.14214337, 0.25786144, 0.0052194777, -0.041121878, -0.28884533, -0.03426805, -0.07526924, -0.2414806, 0.33126947, 0.047368426, 0.016457137, -0.20408408, -0.14712247, -0.23028176, -0.44878823]
Q6_2 [0.24453546, -0.48155582, 0.2650788, 0.18895894, -0.016728757, 0.38596383, 0.12011457, 0.31905365, -0.18796805, 0.2883796, -0.21494311, 0.29212728, 0.26292357, 0.10437312, 0.026839191, -0.22286904, -0.04246919, 0.11823482, 0.23541847, 0.21069041, -0.38336873, 0.32327753, 0.18101615, 0.043126218, 0.011736326, 0.14426951, 0.27001494, -0.009158005, -0.040484305, -0.31186837, -0.061503686, -0.09658267, -0.18319905, 0.26988053, 0.02405317, -0.06276083, -0.16368228, -0.19321051, -0.24543737, -0.49739593]
Q3_6 [0.29052973, -0.49243525, 0.22591309, 0.17437108, -0.056920018, 0.34923363, 0.11595889, 0.30023718, -0.1703971, 0.251302, -0.25097233, 0.31618965, 0.25093064, 0.090710215, 0.032182593, -0.24320325, -0.005631729, 0.1206564, 0.18755803, 0.20763218, -0.41360837, 0.22181615, 0.18569787, 0.011038695, -0.00882874, 0.12033675, 0.21841303, 0.019900294, -0.058642387, -0.2662774, -0.03123579, -0.08503439, -0.23089646, 0.3101808, 0.03801831, -0.0048870435, -0.21138398, -0.14829828, -0.21806611, -0.42872027]
Q1_2 [0.23922236, -0.4127518, 0.20728599, 0.13258962, -0.049093645, 0.28463352, 0.07063058, 0.26958516, -0.1216845, 0.22243465, -0.19584413, 0.27237964, 0.23664355, 0.085865185, 0.009938436, -0.19738156, -0.013532609, 0.0873168, 0.15517485, 0.16386123, -0.3461353, 0.2013418, 0.16884212, 0.019739294, 0.00702263, 0.11348712, 0.18123598, 0.018839013, -0.04339917, -0.22944602, -0.036968984, -0.06550829, -0.19830182, 0.2582234, 0.020904716, -0.010864234, -0.16906759, -0.12838872, -0.2040762, -0.38264325]
Q2_5 [0.2911124, -0.48655844, 0.20259254, 0.16605973, -0.06211607, 0.31780365, 0.07923769, 0.28700343, -0.13821495, 0.25807685, -0.2419759, 0.32294953, 0.26487973, 0.11591113, 0.028765712, -0.22510214, -0.022859314, 0.08194837, 0.19390324, 0.19975144, -0.39914495, 0.23038572, 0.17965566, 0.0039770524, 0.013402804, 0.11282553, 0.21588065, 0.02036373, -0.06294055, -0.26969156, -0.042357877, -0.050761424, -0.2450988, 0.31574282, 0.0512908, 0.035845906, -0.18356459, -0.11148026, -0.21070385, -0.40300143]
Q3_10 [0.30040407, -0.5207669, 0.27841488, 0.17167601, -0.031920824, 0.3874241, 0.11411174, 0.32048756, -0.17055401, 0.2942754, -0.23688886, 0.32703632, 0.26394558, 0.09067887, 0.03509686, -0.23573135, -0.01575101, 0.13232267, 0.22682898, 0.22277269, -0.4222104, 0.29861057, 0.20341487, 0.02948469, 0.011037135, 0.14681005, 0.27755025, -0.0001717432, -0.04527829, -0.29035756, -0.029240733, -0.093902096, -0.20915635, 0.30403572, 0.046712253, -0.016615374, -0.20203589, -0.1580755, -0.2458599, -0.4715977]
Q3_9 [0.281886, -0.46859562, 0.23863612, 0.17844026, -0.048993144, 0.35213327, 0.10534615, 0.30731884, -0.16806555, 0.26858196, -0.24152334, 0.29709288, 0.27025285, 0.11131315, 0.0099915, -0.23296618, -0.008596456, 0.12684254, 0.20649998, 0.20022154, -0.39400902, 0.25113702, 0.20203516, 0.024362586, 0.003165353, 0.13123535, 0.2352819, 0.009457718, -0.047222015, -0.29166785, -0.042093616, -0.08546384, -0.21256892, 0.2925766, 0.042032775, -0.009488121, -0.20008929, -0.15750845, -0.23035468, -0.4465062]
Q3_8 [0.3103917, -0.506049, 0.25166723, 0.19513407, -0.04259351, 0.35319504, 0.11261558, 0.32977784, -0.17282522, 0.27098975, -0.24178402, 0.31684348, 0.27978417, 0.0974606, 0.028076718, -0.22289392, -0.020959038, 0.10784304, 0.2175031, 0.22218943, -0.4170998, 0.27755347, 0.19467604, 0.023707774, 0.0021000246, 0.13921976, 0.26294413, 0.0064360253, -0.052846134, -0.28842777, -0.024142183, -0.08061787, -0.23574148, 0.32797784, 0.055162154, -0.0026289246, -0.21301304, -0.15770583, -0.25339428, -0.45283046]
Q17_1 [0.21000771, -0.38250634, 0.21259491, 0.14336868, -0.017298888, 0.3111331, 0.0893318, 0.2829986, -0.15142074, 0.23091656, -0.18327992, 0.22471459, 0.22817206, 0.07889492, 0.009084849, -0.21097167, -0.026917178, 0.11677359, 0.18035877, 0.15887146, -0.306773, 0.28338364, 0.1600313, 0.041719895, 0.034574635, 0.12317436, 0.23208942, 0.0014959179, -0.029242469, -0.27368858, -0.04835763, -0.080279246, -0.1361077, 0.21416827, 0.004870734, -0.06696018, -0.13061146, -0.16348203, -0.20204316, -0.39718276]
Q17_3 [0.23139791, -0.41517097, 0.2376969, 0.1512603, -0.025570782, 0.32868207, 0.1050366, 0.30526057, -0.14971146, 0.23624636, -0.17995673, 0.23674452, 0.22696288, 0.077886395, 0.008085242, -0.2088517, -0.020130899, 0.12438722, 0.18310685, 0.17219958, -0.3242393, 0.28392193, 0.158004, 0.044548806, 0.032926448, 0.1362848, 0.23326279, 0.0114753675, -0.026625244, -0.2652801, -0.048706133, -0.077638835, -0.15329812, 0.25318444, 0.024481755, -0.048600502, -0.15643077, -0.15950482, -0.20739889, -0.4226761]
Q1_1 [0.25072202, -0.43903652, 0.2093488, 0.14987049, -0.029947596, 0.29382354, 0.0778089, 0.26716512, -0.12891996, 0.22357896, -0.214791, 0.26223338, 0.22854729, 0.09945655, 0.012744786, -0.20488214, 0.0010061368, 0.096591674, 0.17009838, 0.16289875, -0.35684747, 0.20241494, 0.16260925, 0.021961985, -0.0015778036, 0.11345013, 0.20490961, -0.0023472947, -0.050859656, -0.23067942, -0.019379597, -0.05236492, -0.18924312, 0.26523975, 0.043138284, 0.0136481635, -0.15752894, -0.11362328, -0.2035794, -0.37840027]
Q1_3 [0.23012719, -0.3832623, 0.18116905, 0.12068081, -0.029217158, 0.2748015, 0.084767714, 0.24967314, -0.106110536, 0.22013932, -0.19872047, 0.25170976, 0.2260085, 0.08529603, 0.005135277, -0.17986134, 0.005589209, 0.08915535, 0.1532351, 0.15017352, -0.3103925, 0.17254286, 0.16541953, 0.003691766, -0.0035504608, 0.099057205, 0.17462368, 0.017773705, -0.053327076, -0.2199862, -0.036584783, -0.053030554, -0.18507817, 0.25906667, 0.033849336, 0.020986553, -0.15214619, -0.10769885, -0.19199939, -0.34197065]
Q4_2 [0.26589933, -0.44458112, 0.24227181, 0.16493484, -0.05336272, 0.3393961, 0.12378937, 0.30615938, -0.15374878, 0.24732403, -0.20668715, 0.28932565, 0.24897385, 0.0769737, 0.020197632, -0.22539568, -0.009727761, 0.09702289, 0.18032861, 0.17783016, -0.36299795, 0.25957552, 0.1987225, 0.012439838, 0.014927348, 0.13428724, 0.21676563, -0.006870279, -0.023524914, -0.25184524, -0.03849531, -0.059150323, -0.16970637, 0.26922658, 0.003452723, -0.025280343, -0.18954991, -0.16179799, -0.21164325, -0.4127823]
Q7_2 [0.26915544, -0.4634211, 0.25345108, 0.16578649, -0.02081259, 0.37786463, 0.12918022, 0.3577446, -0.17374395, 0.29286256, -0.21887752, 0.281271, 0.29304236, 0.10776495, 0.0040026763, -0.25563574, -0.035138145, 0.12960891, 0.21611491, 0.21117562, -0.41544586, 0.33190566, 0.1855591, 0.057776153, 0.02474988, 0.15038103, 0.26142117, 0.0068503404, -0.034491062, -0.33593255, -0.04529004, -0.08184005, -0.16824959, 0.27360818, 0.0077591706, -0.058230296, -0.1933187, -0.18050468, -0.23902285, -0.5020027]
Q1_4 [0.22331311, -0.36375234, 0.16501184, 0.11872403, -0.04487557, 0.23067905, 0.066629075, 0.22273368, -0.10009609, 0.1966398, -0.16595264, 0.23924479, 0.20976326, 0.068259075, 0.00938278, -0.16487215, -0.0077708066, 0.0711227, 0.15181474, 0.15615512, -0.31214687, 0.16974619, 0.14668946, 0.015992427, -0.0058689406, 0.086192496, 0.16977099, 0.00033164915, -0.041505, -0.20523524, -0.023183974, -0.048800144, -0.1803841, 0.22459343, 0.039324034, 0.016875574, -0.15243384, -0.09447368, -0.16065605, -0.324414]
Q3_11 [0.27405956, -0.47841927, 0.24990796, 0.17298304, -0.038950544, 0.37566957, 0.114969835, 0.33661225, -0.18091105, 0.26707292, -0.224294, 0.28007686, 0.24987492, 0.10505882, 0.009977881, -0.24694028, -0.01931811, 0.12668295, 0.20461012, 0.19372255, -0.40661418, 0.27895966, 0.20513673, 0.020732947, 0.024540737, 0.14261682, 0.25092837, 0.00983296, -0.048528373, -0.2999256, -0.029288653, -0.090642296, -0.18399255, 0.3003897, 0.016790837, -0.027804568, -0.17737012, -0.16445544, -0.2237873, -0.44970965]
Q5_4 [0.273927, -0.48785418, 0.25816402, 0.1745431, -0.023177441, 0.37767902, 0.117028266, 0.34274194, -0.18669727, 0.2767734, -0.23617952, 0.30529267, 0.26999196, 0.08966253, 0.02406661, -0.2475728, -0.022700662, 0.12132099, 0.22768264, 0.22206959, -0.42054123, 0.30491665, 0.20699568, 0.033138588, 0.018521905, 0.14710072, 0.26317197, 0.017166542, -0.033394825, -0.32660323, -0.04926489, -0.08204111, -0.20995869, 0.3089017, 0.021239383, -0.045907453, -0.18715957, -0.18908006, -0.25481662, -0.48123148]
Q5_1 [0.23968796, -0.41426334, 0.21858847, 0.16317324, -0.025125302, 0.31888798, 0.08669893, 0.2743072, -0.1438913, 0.2411105, -0.18005335, 0.26320696, 0.23658308, 0.07539813, 0.0188367, -0.21891527, -0.0013477836, 0.092919774, 0.18674895, 0.16235581, -0.3349059, 0.27064204, 0.16214049, 0.043085176, 0.022517359, 0.11673904, 0.23122834, -0.004919069, -0.03312328, -0.26593813, -0.03605229, -0.081070505, -0.15441063, 0.24559957, 0.016400214, -0.020406913, -0.15332943, -0.141022, -0.19952877, -0.40119386]
Q4_1 [0.19118588, -0.32070902, 0.17344227, 0.10903018, -0.023060309, 0.24685882, 0.08860353, 0.22854885, -0.12206788, 0.19078553, -0.15915689, 0.19572273, 0.170286, 0.074594595, 0.004300725, -0.15160899, -0.011851453, 0.07905644, 0.14774212, 0.13549945, -0.27256918, 0.18439892, 0.11970597, 0.007176494, 0.022799322, 0.104711555, 0.15420772, 0.010663224, -0.03406582, -0.19582042, -0.034742955, -0.040826708, -0.14312391, 0.20042242, 0.004851157, -0.01731584, -0.13438666, -0.10949651, -0.1653323, -0.3197997]
Q3_12 [0.14414814, -0.25347832, 0.13619372, 0.0921385, -0.0052833795, 0.1743598, 0.06435255, 0.15598406, -0.07172762, 0.13009563, -0.11336843, 0.15093233, 0.12326353, 0.055149782, 0.0041895853, -0.12793723, -0.01605963, 0.0490961, 0.108922385, 0.10881935, -0.18743514, 0.1333651, 0.10841537, 0.0059928787, -0.00339165, 0.06482266, 0.1332362, 0.00024815384, -0.018738229, -0.14722572, -0.033679042, -0.05299157, -0.10765795, 0.15484591, 0.010239845, -0.008562371, -0.09275628, -0.08241125, -0.11946393, -0.24294247]
